25

0.000000 0.000757 0.000893 0.002346 0.000549 0.000725 0.001369 0.000263 0.001037 0.000849 0.000417 0.001080 0.001183 0.002678 0.000397 0.001169 0.005459 0.001363 0.000162 0.000616 0.000701 0.000788 0.000317 0.001434 0.001889 
0.000757 0.000000 0.001522 0.001603 0.000389 0.000653 0.000454 0.000375 0.000784 0.000492 0.000287 0.000934 0.000139 0.000872 0.000136 0.000598 0.002906 0.000765 0.000094 0.000958 0.000456 0.000859 0.000435 0.000236 0.000066 
0.000893 0.001522 0.000000 0.004114 0.000697 0.001654 0.000697 0.000675 0.001941 0.000497 0.000394 0.002606 0.000216 0.002771 0.000763 0.000415 0.024015 0.004411 0.000338 0.001546 0.000833 0.002010 0.000502 0.000947 0.006077 
0.002346 0.001603 0.004114 0.000000 0.002236 0.004112 0.002509 0.003202 0.006012 0.001853 0.003342 0.007657 0.001520 0.005164 0.006033 0.001681 0.020245 0.004368 0.001805 0.003070 0.004954 0.004134 0.001595 0.002059 0.004767 
0.000549 0.000389 0.000697 0.002236 0.000000 0.000853 0.000363 0.000183 0.000841 0.000224 0.000264 0.000697 0.000221 0.000831 0.000235 0.000157 0.002963 0.000706 0.000122 0.000483 0.000638 0.000392 0.000125 0.000540 0.000826 
0.000725 0.000653 0.001654 0.004112 0.000853 0.000000 0.000588 0.000411 0.001220 0.000415 0.000322 0.001688 0.000239 0.001832 0.000587 0.000236 0.007264 0.001802 0.000346 0.000590 0.000876 0.000791 0.000257 0.000773 0.001661 
0.001369 0.000454 0.000697 0.002509 0.000363 0.000588 0.000000 0.001353 0.000759 0.004012 0.001187 0.003203 0.000811 0.000932 0.000548 0.001582 0.003490 0.000884 0.000650 0.000362 0.001166 0.001652 0.000575 0.000319 0.001265 
0.000263 0.000375 0.000675 0.003202 0.000183 0.000411 0.001353 0.000000 0.000657 0.000831 0.001259 0.003555 0.000209 0.000402 0.001042 0.000294 0.002725 0.000604 0.001025 0.000302 0.000853 0.002047 0.000929 0.000150 0.000989 
0.001037 0.000784 0.001941 0.006012 0.000841 0.001220 0.000759 0.000657 0.000000 0.000521 0.000594 0.002630 0.000560 0.002882 0.001167 0.000495 0.009361 0.002342 0.000502 0.001242 0.001396 0.001533 0.000489 0.001509 0.002283 
0.000849 0.000492 0.000497 0.001853 0.000224 0.000415 0.004012 0.000831 0.000521 0.000000 0.000512 0.002022 0.000460 0.001007 0.000322 0.002343 0.003288 0.000699 0.000250 0.000419 0.000797 0.000990 0.000336 0.000274 0.000658 
0.000417 0.000287 0.000394 0.003342 0.000264 0.000322 0.001187 0.001259 0.000594 0.000512 0.000000 0.001790 0.000361 0.000479 0.000902 0.000329 0.002025 0.000522 0.000379 0.000270 0.001874 0.000981 0.000355 0.000206 0.000851 
0.001080 0.000934 0.002606 0.007657 0.000697 0.001688 0.003203 0.003555 0.002630 0.002022 0.001790 0.000000 0.000639 0.001758 0.002074 0.001175 0.012354 0.002347 0.003721 0.001267 0.001926 0.010783 0.003853 0.000453 0.002879 
0.001183 0.000139 0.000216 0.001520 0.000221 0.000239 0.000811 0.000209 0.000560 0.000460 0.000361 0.000639 0.000000 0.000381 0.000132 0.000694 0.001247 0.000359 0.000089 0.000147 0.000723 0.000348 0.000124 0.000176 0.000537 
0.002678 0.000872 0.002771 0.005164 0.000831 0.001832 0.000932 0.000402 0.002882 0.001007 0.000479 0.001758 0.000381 0.000000 0.000650 0.001109 0.019836 0.002936 0.000137 0.001671 0.001000 0.000944 0.000215 0.002414 0.002452 
0.000397 0.000136 0.000763 0.006033 0.000235 0.000587 0.000548 0.001042 0.001167 0.000322 0.000902 0.002074 0.000132 0.000650 0.000000 0.000252 0.003140 0.000812 0.000579 0.000313 0.000941 0.001486 0.000721 0.000359 0.001410 
0.001169 0.000598 0.000415 0.001681 0.000157 0.000236 0.001582 0.000294 0.000495 0.002343 0.000329 0.001175 0.000694 0.001109 0.000252 0.000000 0.002553 0.000529 0.000104 0.000204 0.000560 0.000756 0.000237 0.000415 0.000593 
0.005459 0.002906 0.024015 0.020245 0.002963 0.007264 0.003490 0.002725 0.009361 0.003288 0.002025 0.012354 0.001247 0.019836 0.003140 0.002553 0.000000 0.001059 0.001304 0.007395 0.003992 0.008306 0.001751 0.003325 0.019519 
0.001363 0.000765 0.004411 0.004368 0.000706 0.001802 0.000884 0.000604 0.002342 0.000699 0.000522 0.002347 0.000359 0.002936 0.000812 0.000529 0.001059 0.000000 0.000328 0.003539 0.000935 0.001752 0.000537 0.000729 0.001447 
0.000162 0.000094 0.000338 0.001805 0.000122 0.000346 0.000650 0.001025 0.000502 0.000250 0.000379 0.003721 0.000089 0.000137 0.000579 0.000104 0.001304 0.000328 0.000000 0.000219 0.000435 0.001348 0.000412 0.000067 0.000412 
0.000616 0.000958 0.001546 0.003070 0.000483 0.000590 0.000362 0.000302 0.001242 0.000419 0.000270 0.001267 0.000147 0.001671 0.000313 0.000204 0.007395 0.003539 0.000219 0.000000 0.000588 0.000774 0.000250 0.000636 0.001586 
0.000701 0.000456 0.000833 0.004954 0.000638 0.000876 0.001166 0.000853 0.001396 0.000797 0.001874 0.001926 0.000723 0.001000 0.000941 0.000560 0.003992 0.000935 0.000435 0.000588 0.000000 0.001164 0.000384 0.000447 0.001382 
0.000788 0.000859 0.002010 0.004134 0.000392 0.000791 0.001652 0.002047 0.001533 0.000990 0.000981 0.010783 0.000348 0.000944 0.001486 0.000756 0.008306 0.001752 0.001348 0.000774 0.001164 0.000000 0.004132 0.000300 0.002333 
0.000317 0.000435 0.000502 0.001595 0.000125 0.000257 0.000575 0.000929 0.000489 0.000336 0.000355 0.003853 0.000124 0.000215 0.000721 0.000237 0.001751 0.000537 0.000412 0.000250 0.000384 0.004132 0.000000 0.000110 0.000580 
0.001434 0.000236 0.000947 0.002059 0.000540 0.000773 0.000319 0.000150 0.001509 0.000274 0.000206 0.000453 0.000176 0.002414 0.000359 0.000415 0.003325 0.000729 0.000067 0.000636 0.000447 0.000300 0.000110 0.000000 0.000730 
0.001889 0.000066 0.006077 0.004767 0.000826 0.001661 0.001265 0.000989 0.002283 0.000658 0.000851 0.002879 0.000537 0.002452 0.001410 0.000593 0.019519 0.001447 0.000412 0.001586 0.001382 0.002333 0.000580 0.000730 0.000000 


0.000000 576.963074 946.495422 597.597229 373.812714 559.767273 709.021484 1208.328003 603.647705 695.208008 680.708984 1936.572021 332.464386 592.567871 908.771484 426.187714 756.198730 672.590576 1590.223999 527.300781 483.467285 2140.978027 2184.402100 408.164795 540.738770
576.963074 0.000000 369.532715 613.038574 429.107910 312.883087 1196.489014 1502.140015 405.897491 1241.961060 960.345886 2318.075928 786.595886 949.566895 938.746094 999.500488 179.242599 96.274399 1999.583984 210.765594 736.375488 2456.262939 2339.509033 844.166321 36.494701
946.495422 369.532715 0.000000 858.330811 749.601807 556.070618 1541.272949 1764.791016 621.330627 1603.165039 1250.962036 2600.077881 1137.334961 1266.850952 1124.777954 1368.266968 190.315704 274.310486 2299.428955 494.222412 1043.484009 2703.402100 2503.827881 1188.548950 405.788605
597.597229 613.038574 858.330811 0.000000 255.030304 311.307098 790.121277 907.433105 237.070297 932.217285 406.338593 1741.873047 485.556396 1186.858032 345.873810 830.363525 720.468689 675.343689 1447.104004 403.865692 255.882294 1853.616943 1733.131958 1005.760986 592.027771
373.812714 429.107910 749.601807 255.030304 0.000000 225.895401 794.172607 1080.374023 238.944000 879.564697 533.156006 1889.527954 402.329102 947.318787 598.541016 700.436829 578.328613 512.396484 1570.724976 255.655106 307.328888 2036.128052 1967.255981 775.239014 399.225311
559.767273 312.883087 556.070618 311.307098 225.895401 0.000000 1009.689026 1216.868042 94.258797 1104.573975 694.915283 2047.121948 627.114990 1084.500000 626.154785 922.318115 409.354187 365.685303 1743.432007 104.647797 491.112488 2164.854980 2027.318970 933.195984 298.848602
709.021484 1196.489014 1541.272949 790.121277 794.172607 1009.689026 0.000000 663.876221 982.737793 221.421997 447.804413 1249.762939 411.113312 1097.608032 851.822815 423.705292 1362.874023 1288.965942 895.090820 1049.265991 537.620605 1493.843018 1686.675049 912.210388 1161.676025
1208.328003 1502.140015 1764.791016 907.433105 1080.374023 1216.868042 663.876221 0.000000 1143.791016 874.518127 551.629883 841.624023 880.072815 1714.651001 694.008789 1066.562988 1625.869995 1574.822021 593.421570 1301.510986 780.951172 955.802002 1024.566040 1519.173950 1475.479004
603.647705 405.897491 621.330627 237.070297 238.944000 94.258797 982.737793 1143.791016 0.000000 1094.906006 636.904480 1978.942993 620.487976 1151.868042 535.024414 936.250183 489.564514 453.258301 1682.489014 198.905807 450.258514 2086.844971 1936.303955 992.337891 392.904510
695.208008 1241.961060 1603.165039 932.217285 879.564697 1104.573975 221.421997 874.518127 1094.906006 0.000000 642.209229 1375.635010 477.459015 963.720215 1046.119019 305.313202 1417.072021 1337.647949 1017.331970 1125.041016 677.060791 1649.619019 1891.166016 795.213623 1205.746948
680.708984 960.345886 1250.962036 406.338593 533.156006 694.915283 447.804413 551.629883 636.904480 642.209229 0.000000 1358.213013 378.590607 1236.192017 405.090607 674.479004 1096.712036 1038.645020 1048.538940 768.164124 229.486694 1506.451050 1503.793945 1038.624023 931.714783
1936.572021 2318.075928 2600.077881 1741.873047 1889.527954 2047.121948 1249.762939 841.624023 1978.942993 1375.635010 1358.213013 0.000000 1608.082031 2335.815918 1530.569946 1661.777954 2453.352051 2396.793945 358.376190 2125.511963 1582.369019 361.538788 986.814880 2157.517090 2288.748047
332.464386 786.595886 1137.334961 485.556396 402.329102 627.114990 411.113312 880.072815 620.487976 477.459015 378.590607 1608.082031 0.000000 858.250977 700.821289 348.272491 955.619080 879.979492 1265.572998 651.117920 254.997696 1808.520020 1872.696045 660.517273 751.461426
592.567871 949.566895 1266.850952 1186.858032 947.318787 1084.500000 1097.608032 1714.651001 1151.868042 963.720215 1236.192017 2335.815918 858.250977 0.000000 1500.774048 675.750488 1098.281982 1021.611023 1977.613037 1015.164978 1065.598999 2591.447021 2725.790039 197.801498 923.222900
908.771484 938.746094 1124.777954 345.873810 598.541016 626.154785 851.822815 694.008789 535.024414 1046.119019 405.090607 1530.569946 700.821289 1500.774048 0.000000 1039.770020 1018.398987 987.864502 1280.737061 728.374329 450.398193 1589.834961 1401.321045 1311.209961 922.314514
426.187714 999.500488 1368.266968 830.363525 700.436829 922.318115 423.705292 1066.562988 936.250183 305.313202 674.479004 1661.777954 348.272491 675.750488 1039.770020 0.000000 1178.438965 1095.656982 1304.042969 918.561523 601.991699 1916.578003 2090.089111 496.422394 963.043518
756.198730 179.242599 190.315704 720.468689 578.328613 409.354187 1362.874023 1625.869995 489.564514 1417.072021 1096.712036 2453.352051 955.619080 1098.281982 1018.398987 1178.438965 0.000000 84.336502 2143.564941 328.751495 880.546875 2574.082031 2415.489014 1008.200012 215.561005
672.590576 96.274399 274.310486 675.343689 512.396484 365.685303 1288.965942 1574.822021 453.258301 1337.647949 1038.645020 2396.793945 879.979492 1021.611023 987.864502 1095.656982 84.336502 0.000000 2082.315918 273.410614 818.122803 2526.562012 2388.688965 926.626709 132.768402
1590.223999 1999.583984 2299.428955 1447.104004 1570.724976 1743.432007 895.090820 593.421570 1682.489014 1017.331970 1048.538940 358.376190 1265.572998 1977.613037 1280.737061 1304.042969 2143.564941 2082.315918 0.000000 1814.829956 1264.192993 661.654297 1129.327026 1800.098022 1968.688965
527.300781 210.765594 494.222412 403.865692 255.655106 104.647797 1049.265991 1301.510986 198.905807 1125.041016 768.164124 2125.511963 651.117920 1015.164978 728.374329 918.561523 328.751495 273.410614 1814.829956 0.000000 552.422913 2253.210938 2128.827881 875.254211 194.594498
483.467285 736.375488 1043.484009 255.882294 307.328888 491.112488 537.620605 780.951172 450.258514 677.060791 229.486694 1582.369019 254.997696 1065.598999 450.398193 601.991699 880.546875 818.122803 1264.192993 552.422913 0.000000 1735.937012 1712.135986 871.639587 706.502380
2140.978027 2456.262939 2703.402100 1853.616943 2036.128052 2164.854980 1493.843018 955.802002 2086.844971 1649.619019 1506.451050 361.538788 1808.520020 2591.447021 1589.834961 1916.578003 2574.082031 2526.562012 661.654297 2253.210938 1735.937012 0.000000 694.936279 2404.839111 2430.269043
2184.402100 2339.509033 2503.827881 1733.131958 1967.255981 2027.318970 1686.675049 1024.566040 1936.303955 1891.166016 1503.793945 986.814880 1872.696045 2725.790039 1401.321045 2090.089111 2415.489014 2388.688965 1129.327026 2128.827881 1712.135986 694.936279 0.000000 2528.479004 2321.873047
408.164795 844.166321 1188.548950 1005.760986 775.239014 933.195984 912.210388 1519.173950 992.337891 795.213623 1038.624023 2157.517090 660.517273 197.801498 1311.209961 496.422394 1008.200012 926.626709 1800.098022 875.254211 871.639587 2404.839111 2528.479004 0.000000 813.551270
540.738770 36.494701 405.788605 592.027771 399.225311 298.848602 1161.676025 1475.479004 392.904510 1205.746948 931.714783 2288.748047 751.461426 923.222900 922.314514 963.043518 215.561005 132.768402 1968.688965 194.594498 706.502380 2430.269043 2321.873047 813.551270 0.000000
